lat,lng,visits
46.1406015715,10.715532135,3140
46.1404065626,10.7284735947,10181
46.1417408692,10.6378806147,539
46.1415546479,10.6508228586,106
46.1421089176,10.6119957464,1400
46.1419256258,10.6249382437,1613
46.1409871959,10.6896488171,103
46.140795116,10.7025905422,301
46.1413669619,10.6637649743,766
46.1411778112,10.6767069608,260
46.2056266772,10.5749646944,831
46.2059808501,10.5490490461,4200
46.2058044977,10.5620069311,2020
46.2052666318,10.600879852,60
45.6965290866,10.907411236,21700
45.6963139656,10.9202485015,51912
45.6960974031,10.9330856209,27944
45.6958793989,10.9459225935,32567
45.6956599532,10.9587594181,14180
45.695439066,10.9715960938,3736
45.6952167374,10.9844326196,3328
45.6949929674,10.9972689946,22048
46.4039288457,11.1140659061,28021
46.4036876732,11.1270664508,14916
46.393635071,10.6454024111,4025
46.3934472145,10.6584040248,4843
46.4926392946,11.1826577759,2239
46.4928871472,11.169636525,1629
46.40440676,11.0880643192,12011
46.3941897747,10.6063967979,45635
46.4058050521,11.0100556517,4134
46.4055756965,11.0230574973,3468
46.4921391457,11.2086997599,40702
46.4051125534,11.0490607103,29398
46.0184097337,11.4868937798,25866
45.953891752,10.5549127955,6940
45.9540665696,10.5420137038,2157
45.9549188256,10.4775164852,351
45.9542399318,10.5291144935,65
45.9544118385,10.5162151655,654
45.9545822898,10.5033157208,1647
46.3045164219,11.1362069025,4041
46.2240541863,11.1071478341,25449
46.2238145147,11.1201059134,30807
45.9391937693,10.9286183129,29005
46.225918715,11.0034773727,4217
46.2256907869,11.0164367375,8501
46.2254613908,11.0293959451,40741
46.2252305266,11.0423549946,37794